02814052
02879030
02837200
02813078
02853040
02858050
02878115
02849150
02855000
02813110
02873330
02874010
02878080
02870050
02812300
02858030
02854020
02856030
02982145
02871030
02680031
02845160
02879040
02871170
02846220
02982195
02854050
02875030
02849050
02877030
02813100
02837110
02876000
02877120
02879080
02870120
02874100
02845090
02837230
02814045
02813115
02846020
02846160
02873030
02845030
02873180
02848050
02814080
02817010
02879050
02873050
02817050
02878050
02876170
02814130
02680080
02812260
02883053
02817000
02874140
02846260
02876120
02859030
02873360
02837220
02813070
02878000
02856140
02859000
02851020
02846040
02853080
02813060
02849110
02877150
04642090
02981000
02873190
02873160
02874020
02837060
02859110
02873640
02855210
02881040
02814210
02877162
02817071
02873270
02873490
02820000
02874060
02873610
02812190
02870080
02879070
02883054
02873430
02873520
02851010
02846130
02847000
02845140
02848040
02855010
02871140
02814150
02859050
02855107
02859010
02873210
02982016
02877045
02873010
02845120
02813047
02856120
02879150
02812080
02851130
02849010
02847010
02873480
02858010
02879180
02837070
02878120
02816010
02981010
02877130
02848010
02856010
02983050
02844110
02813076
02982180
02814073
02845050
02871100
02848070
02854000
02877090
02873011
02877070
02982190
02981021
02812030
02837150
02851100
02812090
02874070
02873230
02846210
02855090
02873350
02871050
02873500
02879190
02873410
02855050
02812275
02844100
02837185
02983060
02982060
02814070
02983030
02878100
02873470
02856060
02814020
02859120
02981080
02812150
02847090
02846170
02981030
02846090
02812000
02871054
02858020
02680021
02873370
02855200
02812170
02844090
02855140
02873730
02873280
02812200
02855190
02849040
02859080
02814140
02856110
02982100
02982205
02853030
02982110
02820090
02855280
02820020
02848000
02982160
02875020
02876420
02986120
02837020
02810000
02855040
02875060
02853020
02854080
02875010
02873100
02813020
02813010
02846200
02878030
02875000
02846000
02983170
02873120
02855170
02817073
02846240
02856170
02879000
02874110
02812250
02878020
02870180
02837160
02812120
02873600
02878140
02856090
02851040
02983020
02877050
02837195
02982080
02982120
02873460
02855110
02813080
02813090
02854070
02878040
02813050
02874160
02813000
02820005
02870020
02875040
02982090
02812180
02873630
02871040
02851000
02878060
02983090
02875080
02873290
02837000
02875050
02812210
02871000
02873070
02873440
02873540
02814170
02849200
02870040
02837050
02873550
02876430
02873130
02817080
02855150
02812040
02814160
02812130
02983130
02877040
02873650
02873170
02814290
02983010
02817060
02846190
02855120
02871200
02877165
02837130
02849180
02849020
02873220
02816000
02849090
02813073
02873140
02816020
02982030
02845020
02859020
02854060
02814230
02812050
02856040
02855060
02870060
02847100
02855160
02871010
02854030
02859170
02879140
02881030
02844120
02873400
02812096
02856070
02856020
02859070
02846230
02875074
02982020
02814050
02846180
02874090
02814240
02873380
02853050
02873570
02847085
02847070
02870190
02873580
02855180
02982010
02849120
02820070
02855240
02981040
02812110
02814180
02876270
02845040
02845070
02855250
02837120
01508001
02981060
02846150
02983000
02814000
02855270
02878070
02982015
02851110
02871020
02982140
02856000
02877100
02873530
02878130
02812290
02814090
02877146
02877110
02846250
02849170
02851030
02876110
02982041
02873250
02881020
02846270
02983100
02879200
02879130
02859100
02856024
02817079
02875070
02879020
02879170
02877020
02855130
02855080
02848030
02859220
02877155
02812240
02881000
02813120
02859190
02812095
02855030
02855075
02983070
02982150
02849030
02878160
02870110
02859230
02873560
02856130
02983055
02814030
02846120
02981085
02816011
02870070
02873200
02847087
02851080
02812100
02873310
02849190
02812270
02871080
02847080
02854040
02848020
02876250
02871060
02871120
02812010
02883052
02844070
02877080
02814075
02844080
02878125
02847040
02848060
02820080
02837090
02849140
02873020
02845060
02873090
02812005
02855020
02871070
02982220
02845110
02874040
02849000
02846140
02876290
02846060
02879210
02820100
02873340
02873750
02873740
02814047
02845150
02859200
02814010
02982200
02859160
02846100
02873320
02847060
02878010
02849130
02870030
02871150
02845010
02814310
02871190
02812280
02851070
02872000
02981050
02814040
02837040
02982000
02873150
02873110
02846050
02856080
02845000
02877010
02814270
02816030
02876360
02814120
02873510
02814220
02859090
02858040
02851060
02846070
02873390
02981020
02859060
02855220
02879060
02849100
02849060
02982210
02872010
02813030
02848130
02883110
02837010
02879090
02856100
02847020
02845100
02814200
02673000
02846030
02873000
02814060
02845080
02851090
02981070
02851050
02817075
02812230
02877000
02855070
02853060
02982170
02856050
02874080
02878110
02859180
02837100
02982050
02847086
02812220
02812020
02871130
02879100
02877060
02877160
02873680
02874030
02873770
02982061
02849070
02853000
02981110
02873620
02873450
02859040
02846010
04849522
02982130
02879110
02879010
02849080
02982040
02873300
02680070
02847001
02876180
02871160
02874150
02820040
02873420
02871180
02871090
02981087
02812070
02871110
02879160
02850100
02853010
02873080
02859140
02870100
02873040
02860001
02877145
02873590
02879120
02873060
02814190
02873760
02858000
02876490
02855035
02812060
02848080
02856094
02857090
02837080
02859210
02874000
02883050
02813074
02854010
02982070
02982045
02859150
02873240
02878150
02855230
02846110
COHAB BRASILANDIA
VILA TERESINHA
JARDIM ONDINA
JARDIM PAULISTANO
JARDIM VITORIA REGIA
JARIDM GUARANI
VILA JOAO BATISTA
JARDIM PARANA
JARDIM DOS FRANCOS
JARDIM VISTA ALEGRE/RECANTO
JARDIM CARUMBE
VILA ITABERABA
VILA NOVA PARADA
JARDIM SYDNEY
JARDIM NOSSA SENHORA APARECIDA
VILA SIQUEIRA
VILA SOUZA
JARDIM DAMASCENO
JARDIM PRINCESA
JARDIM BRASILIA
JARDIM MAGGI
JARDIM ELISA MARIA
ITAGUACU
JARDIM LIDER
